1298
9834
-6867
-8212
-3586
3233
-17538
7778
-12031
-3580
5686
3339
-10360
-5342
-6251
-4289
-9887
-9920
9414
-11319
-2964
-5666
-5694
9743
-8292
-8072
-8499
3082
-9851
-5849
-3263
-6690
411
-1775
-3810
-32118
-1788
-20052
-18182
-17010
-11925
-3088
-14188
-20433
-19011
-6683
-29655
-13889
-22249
-14440
-22119
-17546
-15267
-9536
-10645
-25308
-661
-26780
-5827
-22580
-9940
-23915
-22477
-1094
2808
-32768
-32768
-32768
-32768
-28600
-28640
-32768
-25149
-18838
-13066
-32768
-32768
-32768
-25262
-32768
-32768
-32768
-32768
-32768
-32344
-25645
-28356
-26664
-32768
-25535
-32768
-25871
-32768
-32768
-24095
-32768
-3423
-14738
-32768
-32768
-10586
-32768
-14600
-31332
-22000
-20196
-32768
-26082
-17082
-29777
-32768
-20726
-32768
-32768
-32768
-28718
-17832
-32768
-26446
-22772
-10599
-29156
-31254
-32768
-32768
-32768
-32768
-17814
-5395
-30313
-32768
-32768
-22798
-2377
-32768
-31269
-20337
-31396
-26085
-32768
-17250
-32768
-23800
-32768
-32768
-32768
-28068
-27692
-32768
-32768
-1534
-13123
-29406
-32768
-31825
-29530
-32768
-22939
-32768
-32768
2075
-32768
-32768
-24402
-23680
-32768
-31612
-32768
-21151
-32768
-32768
-29429
-20592
-29777
-32768
-30067
-32768
-32768
-17695
-32768
-12987
-11986
-27832
-8067
-32768
-32768
-32768
-26123
-32768
-32768
-2206
-31866
-17843
-32768
-32290
-32768
-13290
-25449
-32768
-24989
-32096
-8362
-16114
-23350
-32768
-32768
-3818
-29622
-32768
-32768
-32768
10829
-32768
-32768
-26152
-32768
-30933
-32768
-3995
-30965
-32768
-9900
-32768
-32768
-23604
-32768
-22779
-20490
-32768
-32768
-29513
-4953
-30926
-19067
-12428
-24584
-32768
-32768
-32768
-27122
-32768
-32065
-29451
-32768
-32768
-32768
-7213
-32768
-31901
-32768
-11889
-11876
-26373
-24616
-27836
-32768
-14600
-32768
-32768
-25232
-8151
-32768
-17934
-32768
-32768
-32768
-32768
-32768
-32768
-23133
-32768
-32768
-21511
-12717
-32768
-29111
-32768
-26936
-32768
-23095
-10276
-1142
-27361
-32768
-27663
-3124
-32768
-15989
-19353
-32281
-26266
-32768
-16135
-31692
-20494
-32768
-26086
-31564
-32768
-32768
-32768
-20564
-32768
-12549
-32508
-27766
-18528
-24443
-32768
-26315
-7140
-32768
-32768
-19740
-1348
-23331
-31855
-25271
-30576
-32768
-19953
-30846
-1695
-25249
-32768
-32768
-17409
-32768
-32768
-29229
-26096
-22597
-29502
-29401
-25829
-17077
-4204
-32768
-32768
-2612
-32768
-32768
-23707
149
-14951
-32768
-21732
-32768
-32768
-32768
-32768
-27041
-14084
-28605
-30921
-32768
-32768
-32768
-32768
-17763
-32768
-32768
-25232
-1729
-32288
-32768
-26912
-32768
-32768
-1175
-27539
-32768
-32768
-18833
-25001
-32768
-17666
-8240
-32768
-32768
-32768
-28646
-32768
-32768
-11734
-14691
-28320
-32768
-32768
-32768
14840
-32768
-6571
-32768
-32768
-32768
-27596
-32768
-32768
-28955
-32768
-32768
-8307
-32768
-32768
-22754
-31377
-32768
-32768
-32768
-26488
-32768
-16873
-8553
-25299
-15894
6004
-32768
-32768
-32768
-17296
-28450
-32768
-14287
-32768
-32768
-16984
-32768
-32768
-4210
-32768
-8032
-17084
-32768
-32768
-32768
-24401
-24396
-32768
-24327
-14597
-32768
-32768
-365
-7388
-25709
-32768
-16895
-3689
-8521
-13805
-32768
-32768
-32768
-17718
-32768
-23429
-26754
-32768
-32768
-13321
-21459
-3265
-32768
-32768
-32768
-32768
-17048
-32768
-8162
-30635
-28347
-32768
-32744
-798
-22612
-20918
-32768
2249
-32768
-28444
-26286
-22645
-24705
-32768
-32768
-32768
-27389
-20512
-27750
-29731
-32768
-32768
-11835
-32768
-12166
-32768
-26192
9413
-32768
-20570
-32768
-23795
-21442
-32768
-32768
-5348
-31951
-32768
-32768
-27167
-30909
-4951
-32768
-31603
-32768
-16020
-26001
-11464
-32768
-26710
-27541
-32768
-20557
-32768
-32768
-14337
-32768
9365
-32768
-32768
-18726
-32768
-30805
-32768
-32768
-30362
-32768
-24901
-32768
-32768
-28141
-14012
-30983
-4694
-32768
-32768
-21449
-32768
-3276
-27120
-32768
-32768
-32768
-27108
-32768
-30372
-32768
-31029
-14589
-32768
-25305
-32768
-32768
3146
-32768
-32768
-32768
-21357
-9448
-32768
-27063
-24717
-12881
-32768
-32768
-18568
-32768
-32768
-32768
-18611
-28817
-26623
-32768
-31649
-2514
-32768
-32768
-32768
-19911
-32768
-32768
-32768
-32768
-32768
868
-21516
-11931
-32768
-24866
-19539
-22535
-32447
-32768
-15340
-32768
-3564
-13694
-18726
-32768
-23965
-32768
-32768
-32768
-29128
-32768
-32768
-32768
-32768
-32768
-29819
-32768
-32768
-32768
-32768
-31843
-7255
-32768
-28042
-32768
-3916
-32768
-32768
-32768
-32768
-30878
-30734
-6533
-3640
-24609
-26365
-32768
-32768
-32768
-5209
-32768
-32768
1095
-18092
-32768
-32768
-10093
-28331
-32768
-32768
-32768
-23999
-28827
-32768
-15075
-32768
-22026
-32768
-24075
-32198
-32768
-32768
-19732
-18906
-32768
-7519
-32768
-24718
-32768
-32768
-32768
-32768
-32768
-23272
-32768
-32768
-28879
-9314
-23764
-32768
-32768
-26330
-22262
-32768
-25173
-15033
-32768
-23548
-32768
-32768
-32768
-6933
-31310
-31018
-32768
-30816
-12978
-32768
-32768
-23658
-32768
-32768
-17980
-32768
-32768
-20267
-32768
-32768
-32768
-32768
-31753
-32768
-32768
-32768
-27115
-32768
-32768
-25952
-30100
-24797
-32768
-21681
-21507
-25193
-32768
-32768
-32768
-32768
-26824
-32299
-32768
-8044
-32768
-3242
-32768
-32768
-22461
-24845
-32768
-32768
-30138
-32768
-32768
-30878
-26728
-28450
-32768
-26274
-28590
-32768
-32768
-32768
-32768
-32768
18485
-32768
-32768
-13558
-9594
-32768
-32768
-31956
-21094
-9573
-17397
-29721
-15478
-32768
-23182
-32768
-32768
-32768
-32768
-32768
-32714
-32768
-27012
-32768
-14629
-26243
-30942
-32768
-15492
-28534
-32768
-16796
-29252
-703
-32768
-32768
-32768
-28654
-32768
-23943
-23059
-21711
-29860
-21196
-32768
-32768
-32768
-32768
-32768
-26785
-32768
-32768
-15204
-25400
-32768
-31314
-32768
-11084
-31977
-32768
-24088
-32768
-22304
-20449
-14403
-32768
-30651
-32768
-32768
-32768
-32768
-32768
-26649
2900
-25337
-21366
-32768
-32366
-32768
-32768
-32768
-32768
-3769
-4894
-32768
-32768
-32768
-18701
-6266
-11603
-32768
-14579
-26996
-32768
-32768
7555
-24991
-32768
-32768
-28468
-14112
-32768
-32768
-32768
-5718
7429
-16069
-32768
-32768
-32768
-32768
-28058
-22094
-5313
-32768
-25736
-18585
-32768
-10786
-25562
-32768
-32768
19600
-32768
-32768
-28792
-15212
-32768
-18623
-32768
-15461
-23550
-32768
-32768
-22249
-11274
-32768
-14262
-31499
-32768
-32768
-32768
-23624
1999
-13956
-32768
-11357
-32768
-25067
5362
-19599
-5927
-32768
-26321
-32768
-32768
-32768
-32768
-25206
-17667
-32768
-26350
-7262
-21780
-32768
-32768
-32768
-32768
-31378
-22821
-32768
-32768
-32768
-29933
-2283
-14278
-23351
-22322
-23374
-25236
-32768
-25526
-32768
-32768
-30911
-32768
-26281
-31286
-32768
-20056
-32768
-18886
-6347
-13039
-22972
-23465
-32768
-32768
-32768
-32768
-32768
-16470
-17986
1480
-32768
-15555
-16329
-17552
-32768
-31801
-32768
-26443
-7899
-21069
-22289
-32768
-32768
-15838
-32768
-32768
-8219
-32768
-31786
-32768
-18442
-32768
-32768
-31997
-23898
-18715
-32768
-32768
-13914
-10390
-29779
-32768
-30268
-32768
-23007
-32768
-32768
-32768
2998
-32768
-27750
-32768
-19708
-32768
-32768
-1101
-14626
-32768
-32768
-32768
-32768
-1643
-19142
-32768
-32768
-32768
-32768
-24448
-28919
-29722
-32768
