-4216
-2642
-26122
-9744
-26215
-20830
-25812
-3103
-26205
-179
-18769
-27667
-14339
-11229
-24950
192
-27536
-22031
-32768
-17602
-32768
-21631
-28094
-12368
-32768
-14928
-32768
-25528
-32768
-4406
-32768
-12878
-26910
-22500
-16311
-29202
-32768
-12070
-31075
-32768
-21582
-32768
-14925
-3701
-32768
10206
-32768
-31875
-30082
-9453
-24272
-14495
-30465
-7635
-31647
-19551
-32768
-28467
-18282
-23303
-19669
-20518
-24085
-1939
-24458
20971
-32768
-3177
-23408
-12802
-13560
-5675
-21946
-17908
-17611
9559
-32768
-12108
-32768
-453
-9622
-1980
-15263
1105
2263
-23829
-9854
-11438
-28776
-13829
2186
-32768
-13459
-26144
-31964
13198
-26088
15597
-9662
-32768
9799
-12185
-32768
-12353
-31245
-26047
-16228
-2164
-20571
-19034
-13831
-3176
-2648
-10167
-16084
-32768
11022
-31055
-26983
1238
-32768
25852
-32740
3254
6134
-32768
28950
-32768
-17870
-25940
-32768
17249
-32768
26157
-32768
5331
-30472
-13745
-17942
-32768
9589
-32768
-16892
6783
-32768
5530
-32768
14027
-32768
18976
-32768
-32768
-19907
-32595
-16823
-19984
-32768
-1544
-19166
-10876
-26972
15583
-32457
-6869
-6117
-32768
-19096
-12912
-32768
-6610
-26298
-24104
-30146
-8945
-32768
1545
-9320
565
-12381
-32768
-9102
-32768
1473
-32768
-12376
-13038
-23317
-5673
-27722
-17474
-28188
-8761
-25882
-16282
-28290
-21782
-32768
22896
-32768
-23871
20280
-32768
5813
-26613
7797
-32768
-8741
-32768
-27978
-18352
-15608
-31095
8164
-18909
-21074
3234
-24717
-19982
-18651
1743
-32768
-708
-32768
-15794
-19384
-10066
-12732
-4326
-16754
-25084
-1248
-1656
-18449
-21763
11362
-23334
-26785
11797
-32768
14478
-18902
25432
-32768
4634
-22096
-31830
-5178
-32768
13026
-27014
-12653
459
-8716
-32768
25620
-16329
