-3638
-6790
-24418
-32768
-25262
-29161
-32054
-16166
-10867
-16116
-12469
-32768
-32768
-11757
-14168
-16887
-17081
-32768
-30157
-32768
-32768
-31948
-9911
-32768
-16933
-32768
-32768
-16179
-32768
-32768
-373
-32768
17060
-16921
-14514
-32768
-32768
-32768
-32768
-32768
-32768
-32768
-17642
-10405
-7907
-32768
-31658
-24853
-170
-6983
-32768
-32768
-24092
-32768
-32768
-32768
-32588
-32768
-32768
-32768
-16860
-32768
-29393
-20747
32586
-3685
-20166
-32768
-18642
-30946
-16097
-14025
-22921
-32768
-32768
-32768
-5938
-32768
-32768
-32768
9727
-17086
23602
-13410
-32768
-32768
-32768
-25192
2634
-32768
-32768
-32768
-24153
-16205
-31769
-32768
8346
-24878
21534
-15636
-32768
-22427
-30384
-32768
-28747
-3002
-32768
-24735
4955
-29406
-7201
-32768
23879
-19282
-32768
-2668
-29718
-5513
-5390
-32420
-25025
-26597
6585
-32768
-20551
-4592
-32768
-20726
-9018
-28352
-32768
-21119
-32768
-32768
29668
-32768
-32768
-32768
-32768
156
-32768
-6375
-32768
-26461
-773
-8531
5156
-32768
-6858
-32768
-21721
-32768
-28280
-32768
-32768
-31463
-32768
-18289
-11976
-32768
22376
-22563
1609
-32768
-24355
-32768
-32768
-11517
-26553
-32768
-32768
-32768
-32768
-32768
-32768
-32768
28017
-15844
-9867
-19892
-32768
-17577
-4999
-32768
-24640
-32768
-32507
-23359
8227
-32768
-32768
-32768
-8552
-32768
-20675
-23341
-31414
-30938
-30261
-28005
-21541
-5456
-32768
-32768
-26790
-17847
-32768
-32768
21939
-26274
-32768
-3483
-4113
-32768
-32768
-1530
-32768
-32768
-20683
-11772
-32768
-18097
-16243
-32768
7159
5312
-32116
-32768
-32768
-32768
-8842
-14487
-10054
-11056
-32768
-18805
10771
-32768
-14106
-26365
24526
-820
-6078
-31905
-32768
-25690
-18885
-32768
-24046
19023
-32768
-32768
4061
-8289
-15654
-17330
