34
32
204
127
151
153
182
7
124
37
102
237
140
18
138
33
193
242
250
159
222
94
37
130
113
169
254
70
219
35
89
201
63
171
117
131
240
209
214
140
251
251
34
52
78
141
210
123
251
90
237
151
184
60
151
205
226
222
247
32
199
119
175
70
3
21
249
229
77
110
61
37
219
172
19
51
144
230
254
55
156
8
44
51
113
88
186
120
86
231
160
178
190
86
228
4
78
40
1
255
22
117
209
176
219
13
127
8
49
216
18
150
5
79
238
81
79
22
198
44
127
6
5
214
2
119
109
32
165
189
252
50
236
15
36
153
222
229
189
6
106
206
135
48
174
23
178
4
92
75
240
186
167
126
73
218
242
55
62
80
122
66
103
250
94
240
128
87
239
111
198
80
255
191
224
10
27
17
136
103
250
62
43
216
77
189
74
139
20
169
234
177
225
199
145
237
122
38
142
160
45
36
169
113
123
201
175
229
42
194
138
9
18
92
163
41
139
255
36
36
247
62
223
91
193
15
161
222
86
162
55
40
0
127
133
20
58
156
93
59
1
9
163
29
216
142
64
163
41
83
127
164
35
90
23
33
