14157
16416
17710
23618
-6527
-7866
24494
28404
-951
-2290
23535
10684
-2055
19908
6054
2203
16874
12656
-4483
-5992
24870
24103
15716
8355
14986
4859
3761
20352
-314
-762
2770
10001
32767
23295
14570
32767
32767
-5940
16976
32767
9301
17200
18102
19957
17199
23436
16669
24327
32767
32767
996
5163
19748
32767
32767
19935
22714
19031
3917
32767
24453
1061
11334
2252
24039
32767
1216
26112
19427
6748
19674
32767
153
-20508
30883
17456
16509
15999
12550
-9314
32767
32767
26086
7812
14474
22145
32767
14220
-7345
32767
-168
21011
32767
-1433
32767
14300
5063
32767
10480
32767
9118
20081
24800
32767
27644
-9990
20659
29070
21339
15279
10399
-6156
13270
30085
32767
15740
32767
6570
20820
18488
-1404
22727
28217
7310
32130
20458
11575
31887
12166
32767
32767
12282
15016
-8748
32767
32594
32748
16509
11097
32767
22641
-5097
-17191
17161
1689
32767
32767
13885
24736
16467
32767
-4464
3457
30368
22311
26324
17691
32767
1926
25258
7160
32767
32767
18410
17191
13212
32767
14012
24840
32767
3090
18574
32767
23356
-7140
3028
3861
22503
32767
8175
-4721
23381
32767
-4052
2352
28000
12406
16738
18327
32767
12366
10186
18399
18712
21687
14936
11922
27022
3601
32767
13876
32767
3048
-2742
23410
32767
-2345
7353
5215
15126
28622
7881
12302
17512
32767
11308
-5890
32767
1287
-8699
7396
14243
3293
1042
32767
24524
23520
25474
11061
28732
16672
-2893
-1318
26960
3941
-4799
25962
32767
19387
-913
3839
14471
32767
20988
21509
29328
29067
13661
-9290
32767
21265
-2215
-7708
10792
-3531
10873
22297
32767
-5241
32767
27668
6758
31046
16730
-2443
18286
32477
2253
10875
29657
29581
9154
22088
2569
27823
19741
32767
31039
-162
15805
620
9296
6799
4905
21515
-2125
2316
2658
30871
32767
-16231
28111
31250
1755
29883
32767
2370
14451
32767
9715
3661
27734
32767
9241
27585
11865
22209
27099
32767
4691
21218
20223
16304
624
14301
16274
26654
7267
-9146
25248
28171
32767
21163
32116
15641
24773
19033
32767
13491
11000
32217
9794
-16921
4400
32767
20338
28438
3886
-12896
32767
32767
13727
10485
21615
28111
22656
5772
26757
16324
23455
3202
20414
6248
30443
6144
32767
30227
16356
23642
22061
9319
25105
21272
16452
-4417
2853
31774
32767
26069
3693
-854
22263
30563
32401
10049
19370
-336
32767
3260
27448
-5434
29029
16314
22658
11838
19874
17414
32767
10094
-10579
30370
19250
7759
16363
32767
23853
13121
7419
4298
24456
15896
4903
-8813
20316
32767
25618
26505
3521
-7022
32767
11785
7851
6735
12816
28715
16597
15553
32767
32767
27345
18750
-3799
16518
27349
2072
13930
25619
32767
-8469
19835
9991
23350
11576
-12371
23808
18697
997
32767
31274
3481
18327
4903
17891
12857
32767
-16348
30611
8198
25552
28744
29408
32767
14698
282
-1288
32767
13375
-1010
21343
25772
12698
4619
15117
32767
8395
9136
32767
32767
-3790
30775
17100
11117
19815
8442
18574
11083
32767
11096
31869
114
11521
25483
23534
27438
2718
17673
13011
32767
-17827
-17467
25074
12141
21968
7159
17441
18472
14357
23808
12882
32767
-8627
16276
32767
-11603
11632
14558
30634
28900
25143
-3073
16587
23987
4004
14658
3356
26040
-3253
4100
2406
32767
-7018
2568
32767
32767
-6516
22447
9091
13676
6900
32767
29181
6944
-1509
-14911
32767
12963
21151
3969
32767
14917
26423
-15287
-257
10733
15346
15614
10587
32767
578
2759
17639
19563
12590
17648
14233
32767
29638
-1325
-8014
15777
11833
32767
31375
-2185
1023
11529
20087
26938
14466
8114
32767
32767
25335
22127
-5053
24116
6473
32767
21024
32767
32767
3844
22458
10705
6646
24194
15694
26780
29950
6389
17620
27878
-10197
29834
32767
30526
-16110
17807
21174
21144
29439
-7027
1186
31166
18817
32767
12117
20388
9628
28381
32767
23519
26508
22678
1482
17526
9080
32767
-558
-11964
32767
17971
24008
32767
13707
17294
10339
31349
90
17576
16707
32767
9576
18624
-1267
29744
12831
-116
11672
6633
30015
20410
32767
14914
14895
32767
-1648
-5036
8866
32767
16766
1996
4728
18819
15771
15173
11059
-3705
12920
11739
8228
10987
23109
32767
4492
32767
-1681
1266
12012
-3467
8932
24855
20991
32767
25373
16825
1762
32767
21607
-12258
22917
9444
-4306
13863
-4573
13572
30447
6063
-16167
15802
3985
5377
6008
22711
14512
32767
24080
-3016
16592
7217
32694
-6775
24458
32767
11268
32767
24457
23723
-19154
31433
24389
2210
32767
20375
653
23078
24918
11569
15963
4995
6715
32767
18522
1414
4297
32767
14277
30675
10272
24904
7962
9846
32767
7506
12122
32767
9504
30014
20012
22654
11511
15028
4089
16745
32767
7777
-16313
19870
32767
21373
-12715
13478
16153
17964
17153
24828
-4814
12726
32767
19726
32767
8239
1469
25288
32767
12954
-20119
32767
15166
20332
22964
16957
27834
21943
-213
30070
32767
16115
-8189
4183
11804
32767
-7183
4994
32767
27740
9675
31984
28003
-1418
32767
4215
23807
18752
22659
-160
32767
6969
19605
10238
5576
32767
31567
27605
32767
23590
7689
8897
12445
32559
5042
8478
17744
22375
13640
6171
17907
19826
-6318
29129
32767
18411
32767
-1732
7206
20451
10945
-6056
28271
-2926
25647
4049
22641
32767
29170
30754
22445
32211
23415
4590
-504
28809
16665
18374
4327
30713
21791
31314
12722
-3108
11808
15507
18532
13562
27670
21370
1307
26400
32767
-11622
-4916
14839
26852
32767
10486
32767
32767
14294
11026
10018
14848
13823
4268
32049
17620
-2812
-464
19475
-9139
32035
13467
-8027
30628
23241
26999
18324
16241
7824
-6992
32767
11970
13414
4606
18911
26863
32767
17443
32767
27830
-7939
11290
-9999
17316
16457
19648
19104
15779
7259
8286
-1019
9383
9450
18167
8255
11595
32767
26380
3286
17276
17323
-3817
32767
9464
6251
27025
16980
5622
32767
19393
32767
32767
22584
14774
7998
5973
8196
32767
10262
8374
10455
32767
17142
10786
9748
21099
26059
7624
32767
32323
20481
3433
32379
-3121
32767
30976
-18598
19072
26124
6496
24952
14441
32767
32767
22125
-5015
20998
15980
-6183
32767
8292
21130
32767
24596
-2971
22819
8038
11323
20985
28864
15268
32767
12582
7303
32767
15621
9169
18110
7113
20780
32069
-8879
29511
24702
32767
32767
17425
-21510
18537
32767
-6158
27176
12611
20127
9328
1411
-4544
7143
22432
7286
9232
31723
22255
29713
10028
10650
24616
31612
-7813
13362
-3786
10273
32767
27670
11873
