0
5279
12311
16949
32767
18498
0
11162
32767
21891
0
24766
26031
3007
25487
17952
6526
18124
28043
13419
0
13288
26100
31235
19581
29600
19239
6933
30329
15011
9305
2308
0
0
0
0
0
32767
0
0
7123
6586
0
0
7291
0
0
4056
0
5766
32767
23705
0
0
0
17466
4249
7112
17889
0
14294
32767
10485
11838
0
0
32767
11523
3660
0
32767
20604
32767
24035
0
32767
677
23570
26946
12501
0
0
6451
29784
25215
27004
0
20775
32767
0
32767
10933
0
29045
4295
32767
5469
0
0
0
29873
8496
0
466
8504
32767
10657
0
21791
10009
9329
32767
19855
0
0
8492
21749
32767
22605
10559
28030
3282
0
32767
0
3268
17743
0
0
3820
7845
22308
16421
31026
0
7040
3138
15786
32767
8391
30636
32767
20841
0
22592
0
0
32767
0
3210
18304
32767
0
5739
20182
0
32767
568
32767
22754
0
0
0
18594
11803
10784
25704
20958
4938
0
22190
9930
0
9327
32767
21094
0
0
0
29812
32767
0
0
28974
32767
0
12454
7449
0
4008
6683
14923
0
12481
1838
11811
4049
1092
13061
0
25596
0
32767
32767
4159
0
24372
30979
32767
7987
9210
5528
19629
27855
0
26894
21217
0
32767
29625
21612
0
9529
7674
0
11716
21858
0
22818
8447
32767
31322
0
4648
7935
6936
0
0
18743
25766
11216
9154
0
24427
0
4289
30227
12657
27791
0
6994
32767
21261
11650
2930
3418
0
0
15760
0
13132
28636
0
28925
32767
759
9426
32767
31053
4029
0
24869
23970
31987
9259
0
4619
31759
32752
14631
22964
32767
0
0
11323
30738
18481
7989
0
4099
32767
14003
0
29792
16561
0
32767
26508
0
24718
28575
0
0
18564
0
20285
15491
9412
0
30726
12396
21391
15970
32767
26197
18135
0
25245
29252
0
0
0
14722
13185
21939
2132
17362
0
12335
24359
19821
17038
32767
0
0
28728
22148
32767
27762
0
8560
32767
24343
0
11925
18575
19642
1897
21427
0
28282
6595
1177
0
0
0
23043
29539
3356
28575
16679
6211
21075
28019
22280
32767
0
0
10182
27847
26389
14082
0
0
23846
29409
14864
0
30951
11003
31662
1806
0
18459
2205
12246
14575
21863
11115
8895
0
5657
19122
0
0
17535
18514
23345
29661
0
4109
16331
7983
0
18256
0
14160
32767
32767
0
13557
21107
10630
5392
0
10284
0
0
0
7149
20400
32767
19089
1414
27255
24317
7680
0
32767
0
20057
27563
32767
16358
0
32767
1189
0
8381
12835
10978
28755
0
0
0
32767
560
27128
0
0
0
17030
27292
28030
15729
0
8545
12697
0
270
4249
32228
0
0
18062
22510
0
0
32767
4073
17396
14296
8518
24120
31284
11546
0
21454
28550
20869
0
0
8691
0
4331
0
15268
26877
32767
19230
0
16061
0
8171
29358
6386
5022
8312
16320
0
26959
13806
0
32767
0
0
0
13936
30587
9341
0
13036
7645
809
0
0
26792
11583
0
0
26534
13553
0
5825
32767
0
9319
21172
5996
0
27722
32767
11620
24980
0
15309
32767
30958
7620
19738
11201
32767
31090
0
0
5227
17281
197
32763
17105
16593
21410
0
15326
22442
0
10066
32767
9924
0
8609
0
0
32767
26784
11541
25206
0
0
9198
0
7570
12347
8408
32767
11613
0
0
9595
0
0
32767
1912
23267
5130
0
20051
18977
0
10228
32767
22074
32767
0
0
5979
32767
0
0
21236
10311
32767
19406
0
4637
0
5081
20606
1344
0
0
24357
6699
5145
32767
1447
27886
24734
32767
13855
0
13130
0
0
32767
32767
6425
0
13309
32150
11876
4467
31420
0
32767
4811
17741
15973
0
478
0
12567
0
13952
20874
0
30270
32767
0
0
676
32767
19884
0
16019
0
0
0
12569
16798
0
0
0
0
27060
11584
22392
26740
1573
24494
15040
6328
0
0
25580
22562
22823
0
23995
32767
30575
32767
13551
0
32767
13340
0
32767
25075
0
23958
11330
15819
0
12614
0
16225
31460
1503
23561
13422
32767
295
0
1286
0
0
22067
32767
0
0
827
0
26799
32767
0
0
32767
12265
0
19874
0
8442
25651
6816
0
18104
9670
7608
2182
32767
0
0
17093
11032
0
0
0
5094
0
22248
32767
18969
1864
8749
23143
22522
0
0
12527
32767
18821
0
9276
1960
7034
32767
0
0
20210
15153
32767
2512
19556
12803
29879
32767
1018
0
874
5919
14076
0
7866
32767
0
0
27753
32767
25149
0
0
28359
4990
0
17837
32767
0
5788
32767
0
17666
0
0
31093
9766
0
9251
1917
28597
0
0
9563
8868
32321
22093
28849
32767
9678
0
18004
22522
32020
23779
2199
29648
18191
3898
3036
0
0
8121
32767
32767
32767
5019
0
32767
0
22284
0
16714
0
0
2006
14527
7703
6226
7538
29543
32767
0
0
17885
7637
0
9851
0
32767
24733
8375
28211
12118
0
0
19494
24397
0
14145
32767
22137
0
566
4665
0
0
3119
16670
24676
4651
2914
12464
14928
5737
30410
15786
11442
2119
8556
0
0
29944
0
4884
17192
32767
29672
3782
13035
0
13161
98
32767
18535
0
0
1956
8844
11978
32767
8665
30149
0
0
0
11274
10207
22941
22789
26006
16185
21950
0
8839
16608
0
19361
22132
5308
24828
24564
0
24606
18457
0
20893
23804
0
0
0
0
28981
32767
24179
32767
0
0
32767
24887
0
801
28245
20436
11637
11069
0
23047
2957
0
32767
32767
0
32767
0
15829
32767
0
0
32767
19374
0
0
11801
5136
19843
0
0
32767
0
756
0
9693
14822
8788
0
27204
3203
3852
251
26395
2431
4740
8913
0
12984
32767
0
6884
29908
12157
19468
0
0
0
0
32767
32767
5112
1579
32767
29771
19322
17534
16582
16994
26622
1491
0
27636
12068
0
6188
17532
29746
24273
4273
4581
32767
31914
14895
0
0
15133
32767
