121
131
193
243
8
36
210
242
63
79
222
108
69
211
65
104
164
140
21
7
221
192
214
137
209
84
115
201
31
77
31
116
250
34
98
103
231
52
128
67
5
192
15
71
127
124
29
251
191
246
23
185
75
138
236
70
185
41
82
248
107
132
74
29
108
159
116
198
92
156
197
234
109
10
183
135
223
117
94
15
117
164
197
218
55
151
205
66
88
215
148
130
172
130
251
192
13
37
139
209
17
174
194
201
223
49
142
205
91
48
122
20
56
218
170
220
215
224
79
120
158
70
235
1
214
165
64
184
105
213
255
72
120
55
177
163
216
206
250
246
229
38
10
123
88
229
204
108
147
150
228
6
125
172
115
235
243
211
118
226
18
169
68
62
173
196
227
54
223
212
80
16
197
211
117
42
37
96
193
81
8
176
190
45
143
101
128
1
162
67
141
107
156
27
93
162
196
97
6
185
129
167
40
110
226
222
80
161
21
207
68
87
247
139
223
50
194
255
19
62
37
65
79
18
229
65
235
195
44
178
198
32
33
96
17
107
122
170
146
116
56
150
116
214
178
185
146
93
72
114
146
94
37
28
11
52
104
72
45
80
182
80
235
147
35
248
225
198
40
202
179
194
182
152
87
234
251
176
91
128
143
19
22
125
143
54
67
33
234
129
70
200
245
75
229
196
203
134
233
38
22
247
125
102
186
75
163
216
205
31
248
187
178
48
236
100
240
59
23
215
149
99
249
249
2
160
206
177
153
133
136
79
36
101
178
240
246
51
7
252
171
194
208
92
221
164
164
97
87
97
182
128
5
4
49
126
153
248
199
73
131
191
226
113
183
53
117
231
97
4
201
77
112
255
99
67
59
217
54
155
60
206
183
161
108
92
243
194
100
6
32
114
117
95
251
122
203
32
95
56
36
143
36
99
175
202
143
154
75
220
47
187
22
154
64
73
88
200
202
64
137
19
227
246
92
138
137
198
17
135
215
156
142
8
236
47
89
172
118
146
150
40
3
243
207
39
171
130
188
36
179
183
255
70
110
34
3
11
114
44
190
49
160
137
84
115
255
245
70
244
55
203
88
171
166
216
97
240
225
5
25
30
165
92
39
23
234
153
8
66
168
67
195
73
161
25
207
189
138
166
16
155
116
8
7
109
184
175
44
40
64
98
35
5
92
20
50
55
97
106
13
118
232
226
35
81
167
5
146
211
201
15
70
23
128
246
204
192
192
86
250
33
34
99
118
86
120
223
119
107
163
21
228
237
5
159
254
29
38
28
235
119
245
23
175
161
137
157
32
8
158
206
230
201
118
234
8
171
131
177
222
41
199
6
117
16
62
246
104
165
244
242
22
89
254
193
107
16
165
42
232
70
114
140
125
142
206
127
86
108
203
147
118
247
65
117
245
214
147
14
142
98
247
143
147
158
104
64
130
102
212
242
119
166
49
149
39
16
52
13
221
54
233
35
171
251
28
0
72
93
124
14
17
163
22
11
98
17
37
20
124
69
212
147
85
206
51
68
35
72
104
211
92
190
216
32
186
206
90
212
206
45
41
160
107
50
249
62
44
126
93
133
82
122
118
138
232
54
106
199
232
71
243
233
71
131
182
77
56
44
119
124
185
96
125
159
190
127
46
9
128
213
146
13
26
211
79
208
42
236
44
170
114
41
85
113
57
112
31
161
244
97
115
172
238
52
39
90
245
139
16
109
249
31
59
247
13
176
136
213
234
91
76
241
154
207
7
250
110
50
166
122
188
98
75
157
234
64
162
25
41
122
15
163
148
98
192
252
236
103
154
76
22
208
103
119
105
69
179
73
5
242
181
246
213
165
253
71
40
182
175
55
252
82
250
138
46
102
33
89
141
249
247
43
172
157
96
9
141
23
208
53
198
253
125
185
104
222
178
12
97
174
126
112
114
106
135
181
73
78
127
131
125
66
183
100
154
136
204
40
40
70
248
107
7
121
71
204
5
164
9
143
204
222
30
50
40
26
6
100
117
35
214
142
202
146
138
33
100
183
62
142
164
108
255
234
158
219
203
56
62
42
28
234
102
40
74
193
91
80
148
92
107
141
89
237
178
0
208
41
137
184
62
100
231
73
30
246
100
67
237
182
183
246
19
195
154
181
149
185
185
206
87
69
122
160
86
205
181
227
160
231
110
231
175
24
77
96
190
116
91
228
247
107
61
67
65
5
145
73
160
199
75
5
147
42
159
79
218
136
173
92
106
225
146
53
27
143
210
199
13
237
179
223
252
34
12
202
248
172
218
107
229
6
25
43
76
191
79
21
235
80
238
65
178
191
158
91
164
22
92
94
220
83
