22
198
167
112
110
219
22
178
51
24
134
249
188
194
183
201
131
32
214
115
128
94
46
237
200
164
103
210
139
113
115
58
23
141
227
16
219
211
70
161
42
194
179
90
17
248
114
228
173
199
194
49
93
119
127
11
139
39
190
174
236
190
93
247
105
83
231
94
19
120
203
48
118
33
175
121
84
58
144
171
240
111
41
213
161
179
24
79
196
213
111
206
215
99
229
73
61
174
163
35
213
51
206
1
203
201
199
170
120
180
70
199
142
117
129
145
9
35
62
29
112
171
167
120
218
144
20
195
147
162
144
141
23
143
203
77
154
7
88
111
251
54
70
104
254
218
8
59
210
14
219
72
234
75
111
169
32
142
129
200
255
170
104
104
106
208
82
42
85
5
27
23
197
184
178
118
183
41
230
128
240
38
127
178
126
114
42
97
61
77
175
161
155
92
245
22
87
30
86
246
93
232
126
179
117
68
195
248
67
199
66
183
201
115
188
69
20
24
114
231
32
116
180
51
184
78
207
148
140
45
118
219
4
194
126
184
169
110
79
160
35
149
24
166
160
21
193
106
201
10
45
126
48
84
169
36
173
26
44
150
203
43
76
236
253
148
114
88
156
151
75
5
38
245
107
123
119
200
16
21
70
124
171
125
112
240
41
146
138
121
206
68
244
84
139
133
217
112
72
5
93
211
2
229
138
35
77
141
80
27
170
172
30
71
62
168
186
186
240
196
82
27
157
234
249
58
60
9
36
142
139
94
79
212
117
206
246
81
51
243
162
74
159
131
231
65
253
239
46
42
136
11
76
111
248
254
38
228
23
191
216
228
57
228
29
132
120
80
5
197
85
169
105
95
226
24
188
191
97
67
1
239
242
61
8
31
17
212
228
39
191
45
94
153
184
223
11
50
71
79
255
199
82
248
127
128
111
36
239
3
44
58
71
33
4
173
248
31
75
129
237
177
196
148
106
51
221
205
6
183
21
189
211
33
111
31
145
237
20
101
249
77
33
125
130
169
80
244
133
73
245
236
127
6
152
142
37
162
215
27
185
35
191
107
1
247
42
152
46
238
189
205
110
119
162
200
216
4
169
27
73
212
64
203
118
59
85
135
195
155
238
222
192
154
74
105
30
95
237
109
29
166
246
222
70
116
135
63
68
60
254
190
215
209
245
26
225
17
121
152
91
37
49
211
81
79
236
36
234
235
153
42
39
72
147
39
116
29
138
5
181
14
49
44
212
13
109
151
132
174
205
100
212
81
252
129
188
224
202
217
137
11
126
46
227
60
58
63
164
146
242
106
72
12
1
95
237
134
228
26
23
213
27
13
103
236
176
25
214
215
204
231
61
250
82
205
148
199
160
164
157
199
189
34
211
137
82
131
247
219
213
118
200
98
175
163
63
68
15
35
111
122
42
106
154
59
86
94
129
93
188
83
111
97
46
175
60
76
202
242
171
234
218
123
197
84
117
137
245
217
125
167
51
205
141
136
196
162
18
73
45
188
8
51
152
177
128
220
235
33
243
157
162
24
159
185
148
21
133
239
185
35
245
245
43
205
104
151
113
200
255
203
238
242
23
64
184
151
12
24
133
157
42
43
33
144
2
146
121
119
173
133
186
195
235
204
132
125
60
153
35
238
216
30
201
29
184
22
124
168
186
107
235
198
53
171
187
85
188
229
209
195
162
69
203
93
136
80
80
40
246
37
22
239
142
112
188
98
32
186
45
141
242
239
92
199
156
122
35
96
166
252
1
183
216
243
108
30
69
217
224
163
31
31
122
150
8
175
139
3
24
116
184
211
110
75
247
117
80
113
3
77
131
235
188
200
139
28
100
255
11
225
175
72
199
214
11
27
170
255
6
170
34
166
159
23
174
229
221
7
62
61
116
36
218
198
206
50
3
233
73
168
232
9
1
1
40
13
209
155
250
205
246
61
73
217
62
14
171
205
247
237
30
197
216
178
209
214
114
10
116
51
29
31
178
129
138
190
140
161
22
217
114
39
208
188
13
49
4
69
25
181
133
250
191
156
130
13
17
157
1
10
56
226
117
181
105
44
95
23
197
46
96
250
151
117
139
200
65
162
223
146
114
37
63
242
138
77
107
147
137
179
65
166
113
240
40
38
118
130
176
103
233
121
33
30
249
34
242
71
23
78
157
109
201
156
102
162
248
105
39
104
215
55
242
150
154
81
235
9
76
107
122
121
37
57
24
146
89
144
150
179
140
165
150
167
157
80
63
201
87
140
50
110
135
160
134
92
246
131
206
188
142
226
32
235
217
128
187
133
68
204
62
80
132
214
98
126
10
29
14
18
222
215
